date	ili_admit	total	admit_rate
2017-12-24	19	329	5.77507598784195
2017-12-25	30	360	8.33333333333333
2017-12-26	34	393	8.65139949109415
2017-12-27	39	428	9.11214953271028
2017-12-28	38	352	10.7954545454545
2017-12-29	29	383	7.57180156657963
2017-12-30	24	362	6.62983425414365
2017-12-31	30	313	9.58466453674121
2018-01-01	36	404	8.91089108910891
2018-01-02	37	479	7.72442588726514
2018-01-03	41	431	9.51276102088167
2018-01-04	31	225	13.7777777777778
2018-01-05	38	347	10.9510086455331
2018-01-06	28	357	7.84313725490196
2018-01-07	22	390	5.64102564102564
2018-01-08	35	411	8.51581508515815
2018-01-09	47	459	10.239651416122
2018-01-10	33	478	6.90376569037657
2018-01-11	35	519	6.74373795761079
2018-01-12	30	442	6.78733031674208
2018-01-13	38	438	8.67579908675799
2018-01-14	21	484	4.33884297520661
2018-01-15	35	570	6.14035087719298
2018-01-16	40	603	6.6334991708126
2018-01-17	32	577	5.54592720970537
2018-01-18	38	570	6.66666666666667
2018-01-19	42	619	6.78513731825525
2018-01-20	39	673	5.79494799405646
2018-01-21	52	742	7.00808625336927
2018-01-22	49	870	5.63218390804598
2018-01-23	33	707	4.66760961810467
2018-01-24	47	747	6.29183400267738
2018-01-25	36	712	5.0561797752809
2018-01-26	60	817	7.34394124847001
2018-01-27	44	772	5.69948186528497
2018-01-28	45	818	5.50122249388753
2018-01-29	58	1025	5.65853658536585
2018-01-30	58	1002	5.78842315369261
2018-01-31	37	1006	3.6779324055666
2018-02-01	59	959	6.15224191866528
2018-02-02	67	852	7.86384976525822
2018-02-03	60	896	6.69642857142857
2018-02-04	35	942	3.71549893842887
2018-02-05	50	1200	4.16666666666667
2018-02-06	61	1450	4.20689655172414
2018-02-07	50	1101	4.54132606721163
2018-02-08	45	1005	4.47761194029851
2018-02-09	58	1061	5.46654099905749
2018-02-10	50	1041	4.8030739673391
2018-02-11	53	1038	5.10597302504817
2018-02-12	68	1287	5.28360528360528
2018-02-13	69	1298	5.31587057010786
2018-02-14	43	1019	4.2198233562316
2018-02-15	60	1016	5.90551181102362
2018-02-16	59	942	6.26326963906582
2018-02-17	43	884	4.86425339366516
2018-02-18	43	892	4.82062780269058
2018-02-19	50	876	5.70776255707763
2018-02-20	52	855	6.08187134502924
2018-02-21	42	717	5.85774058577406
2018-02-22	37	578	6.40138408304498
2018-02-23	35	492	7.11382113821138
2018-02-24	21	433	4.84988452655889
2018-02-25	26	398	6.53266331658291
2018-02-26	30	533	5.62851782363977
2018-02-27	31	449	6.90423162583519
2018-02-28	22	367	5.99455040871935
2018-03-01	24	376	6.38297872340426
2018-03-02	12	215	5.58139534883721
2018-03-03	24	316	7.59493670886076
2018-03-04	21	298	7.04697986577181
2018-03-05	21	315	6.66666666666667
2018-03-06	18	297	6.06060606060606
2018-03-07	13	227	5.72687224669604
2018-03-08	26	283	9.18727915194346
2018-03-09	24	254	9.44881889763779
2018-03-10	16	265	6.0377358490566
2018-03-11	12	221	5.42986425339367
2018-03-12	13	282	4.60992907801418
2018-03-13	11	232	4.74137931034483
2018-03-14	12	262	4.58015267175572
2018-03-15	11	203	5.41871921182266
2018-03-16	18	255	7.05882352941176
2018-03-17	14	218	6.42201834862385
2018-03-18	14	242	5.78512396694215
2018-03-19	22	268	8.2089552238806
2018-03-20	14	257	5.44747081712062
2018-03-21	7	154	4.54545454545455
2018-03-22	10	227	4.40528634361234
2018-03-23	10	223	4.48430493273543
2018-03-24	11	177	6.21468926553672
2018-03-25	11	199	5.52763819095477
2018-03-26	12	280	4.28571428571429
2018-03-27	13	233	5.5793991416309
2018-03-28	12	188	6.38297872340426
2018-03-29	15	206	7.28155339805825
2018-03-30	15	198	7.57575757575758
2018-03-31	13	203	6.40394088669951
2018-04-01	15	222	6.75675675675676
2018-04-02	10	191	5.23560209424084
2018-04-03	11	176	6.25
2018-04-04	9	211	4.2654028436019
2018-04-05	10	185	5.40540540540541
2018-04-06	12	164	7.31707317073171
2018-04-07	17	175	9.71428571428571
2018-04-08	21	197	10.6598984771574
2018-04-09	14	184	7.60869565217391
2018-04-10	11	175	6.28571428571429
2018-04-11	13	154	8.44155844155844
2018-04-12	10	200	5
2018-04-13	12	155	7.74193548387097
2018-04-14	9	149	6.04026845637584
2018-04-15	18	193	9.32642487046632
2018-04-16	12	190	6.31578947368421
2018-04-17	13	188	6.91489361702128
2018-04-18	10	160	6.25
2018-04-19	15	162	9.25925925925926
2018-04-20	5	142	3.52112676056338
2018-04-21	10	179	5.58659217877095
2018-04-22	5	159	3.14465408805031
2018-04-23	14	196	7.14285714285714
2018-04-24	7	155	4.51612903225806
2018-04-25	11	177	6.21468926553672
2018-04-26	11	159	6.91823899371069
2018-04-27	13	177	7.34463276836158
2018-04-28	12	163	7.36196319018405
2018-04-29	11	174	6.32183908045977
2018-04-30	12	185	6.48648648648649
2018-05-01	14	184	7.60869565217391
2018-05-02	12	192	6.25
2018-05-03	16	191	8.37696335078534
2018-05-04	9	134	6.71641791044776
2018-05-05	7	147	4.76190476190476
2018-05-06	14	198	7.07070707070707
2018-05-07	5	174	2.8735632183908
2018-05-08	4	152	2.63157894736842
2018-05-09	12	177	6.77966101694915
2018-05-10	15	181	8.28729281767956
2018-05-11	10	187	5.3475935828877
2018-05-12	9	159	5.66037735849057
2018-05-13	11	165	6.66666666666667
2018-05-14	15	216	6.94444444444444
2018-05-15	10	178	5.61797752808989
2018-05-16	9	175	5.14285714285714
2018-05-17	14	163	8.58895705521472
2018-05-18	10	161	6.2111801242236
2018-05-19	4	131	3.05343511450382
2018-05-20	9	197	4.56852791878173
2018-05-21	18	190	9.47368421052632
2018-05-22	11	219	5.02283105022831
2018-05-23	5	164	3.04878048780488
2018-05-24	10	167	5.98802395209581
2018-05-25	6	151	3.97350993377483
2018-05-26	10	154	6.49350649350649
2018-05-27	8	175	4.57142857142857
2018-05-28	16	214	7.47663551401869
2018-05-29	8	194	4.12371134020619
2018-05-30	7	168	4.16666666666667
2018-05-31	13	175	7.42857142857143
2018-06-01	10	148	6.75675675675676
2018-06-02	8	146	5.47945205479452
2018-06-03	12	169	7.10059171597633
2018-06-04	13	176	7.38636363636364
2018-06-05	13	154	8.44155844155844
2018-06-06	12	176	6.81818181818182
2018-06-07	7	137	5.10948905109489
2018-06-08	13	152	8.55263157894737
2018-06-09	10	195	5.12820512820513
2018-06-10	6	170	3.52941176470588
2018-06-11	16	162	9.87654320987654
2018-06-12	12	170	7.05882352941176
2018-06-13	9	162	5.55555555555556
2018-06-14	6	143	4.1958041958042
2018-06-15	10	140	7.14285714285714
2018-06-16	6	150	4
2018-06-17	7	130	5.38461538461539
2018-06-18	14	171	8.18713450292398
2018-06-19	10	141	7.09219858156028
2018-06-20	8	128	6.25
2018-06-21	4	108	3.7037037037037
2018-06-22	8	117	6.83760683760684
2018-06-23	7	124	5.64516129032258
2018-06-24	11	120	9.16666666666667
2018-06-25	9	149	6.04026845637584
2018-06-26	5	115	4.34782608695652
2018-06-27	10	130	7.69230769230769
2018-06-28	7	109	6.42201834862385
2018-06-29	6	126	4.76190476190476
2018-06-30	5	106	4.71698113207547
2018-07-01	6	111	5.40540540540541
2018-07-02	12	129	9.30232558139535
2018-07-03	5	98	5.10204081632653
2018-07-04	3	110	2.72727272727273
2018-07-05	7	94	7.4468085106383
2018-07-06	6	104	5.76923076923077
2018-07-07	7	122	5.73770491803279
2018-07-08	8	120	6.66666666666667
2018-07-09	11	137	8.02919708029197
2018-07-10	7	105	6.66666666666667
2018-07-11	8	112	7.14285714285714
2018-07-12	6	102	5.88235294117647
2018-07-13	6	125	4.8
2018-07-14	3	100	3
2018-07-15	4	114	3.50877192982456
2018-07-16	11	106	10.377358490566
2018-07-17	10	99	10.1010101010101
2018-07-18	5	104	4.80769230769231
2018-07-19	5	122	4.0983606557377
2018-07-20	9	107	8.41121495327103
2018-07-21	3	93	3.2258064516129
2018-07-22	5	88	5.68181818181818
2018-07-23	9	86	10.4651162790698
2018-07-24	6	94	6.38297872340426
2018-07-25	9	87	10.3448275862069
2018-07-26	3	81	3.7037037037037
2018-07-27	7	84	8.33333333333333
2018-07-28	7	88	7.95454545454545
2018-07-29	5	118	4.23728813559322
2018-07-30	8	104	7.69230769230769
2018-07-31	4	86	4.65116279069767
2018-08-01	8	99	8.08080808080808
2018-08-02	9	93	9.67741935483871
2018-08-03	4	81	4.93827160493827
2018-08-04	5	100	5
2018-08-05	3	112	2.67857142857143
2018-08-06	10	101	9.9009900990099
2018-08-07	7	104	6.73076923076923
2018-08-08	5	102	4.90196078431373
2018-08-09	11	109	10.0917431192661
2018-08-10	5	107	4.67289719626168
2018-08-11	2	87	2.29885057471264
2018-08-12	14	135	10.3703703703704
2018-08-13	8	89	8.98876404494382
2018-08-14	7	98	7.14285714285714
2018-08-15	8	97	8.24742268041237
2018-08-16	6	83	7.2289156626506
2018-08-17	12	110	10.9090909090909
2018-08-18	8	104	7.69230769230769
2018-08-19	5	93	5.37634408602151
2018-08-20	2	97	2.06185567010309
2018-08-21	7	94	7.4468085106383
2018-08-22	5	89	5.61797752808989
2018-08-23	2	90	2.22222222222222
2018-08-24	6	82	7.31707317073171
2018-08-25	5	111	4.5045045045045
2018-08-26	7	103	6.79611650485437
2018-08-27	5	111	4.5045045045045
2018-08-28	9	117	7.69230769230769
2018-08-29	9	111	8.10810810810811
2018-08-30	6	101	5.94059405940594
2018-08-31	5	84	5.95238095238095
2018-09-01	4	84	4.76190476190476
2018-09-02	7	109	6.42201834862385
2018-09-03	5	96	5.20833333333333
2018-09-04	11	106	10.377358490566
2018-09-05	5	109	4.58715596330275
2018-09-06	8	120	6.66666666666667
2018-09-07	5	104	4.80769230769231
2018-09-08	5	103	4.85436893203883
2018-09-09	10	94	10.6382978723404
2018-09-10	10	111	9.00900900900901
2018-09-11	8	112	7.14285714285714
2018-09-12	16	132	12.1212121212121
2018-09-13	8	104	7.69230769230769
2018-09-14	11	135	8.14814814814815
2018-09-15	8	127	6.2992125984252
2018-09-16	12	149	8.05369127516778
2018-09-17	12	195	6.15384615384615
2018-09-18	16	164	9.75609756097561
2018-09-19	12	160	7.5
2018-09-20	11	153	7.18954248366013
2018-09-21	11	179	6.14525139664804
2018-09-22	11	153	7.18954248366013
2018-09-23	10	168	5.95238095238095
2018-09-24	11	223	4.93273542600897
2018-09-25	13	184	7.06521739130435
2018-09-26	7	160	4.375
2018-09-27	15	190	7.89473684210526
2018-09-28	13	164	7.92682926829268
2018-09-29	10	147	6.80272108843537
2018-09-30	12	186	6.45161290322581
2018-10-01	18	257	7.00389105058366
2018-10-02	19	233	8.15450643776824
2018-10-03	10	187	5.3475935828877
2018-10-04	19	207	9.17874396135266
2018-10-05	13	166	7.83132530120482
2018-10-06	9	170	5.29411764705882
2018-10-07	12	195	6.15384615384615
2018-10-08	15	211	7.10900473933649
2018-10-09	13	226	5.75221238938053
2018-10-10	13	234	5.55555555555556
2018-10-11	12	192	6.25
2018-10-12	8	195	4.1025641025641
2018-10-13	11	149	7.38255033557047
2018-10-14	15	232	6.46551724137931
2018-10-15	13	254	5.11811023622047
2018-10-16	6	202	2.97029702970297
2018-10-17	15	231	6.49350649350649
2018-10-18	16	206	7.76699029126214
2018-10-19	12	220	5.45454545454545
2018-10-20	13	229	5.67685589519651
2018-10-21	13	210	6.19047619047619
2018-10-22	25	283	8.8339222614841
2018-10-23	13	258	5.03875968992248
2018-10-24	12	263	4.56273764258555
2018-10-25	11	238	4.6218487394958
2018-10-26	15	245	6.12244897959184
2018-10-27	7	201	3.48258706467662
2018-10-28	15	246	6.09756097560976
2018-10-29	18	296	6.08108108108108
2018-10-30	15	221	6.78733031674208
2018-10-31	15	218	6.88073394495413
2018-11-01	18	224	8.03571428571429
2018-11-02	20	224	8.92857142857143
2018-11-03	17	179	9.49720670391061
2018-11-04	16	248	6.45161290322581
2018-11-05	18	261	6.89655172413793
2018-11-06	16	237	6.75105485232067
2018-11-07	14	263	5.32319391634981
2018-11-08	13	220	5.90909090909091
2018-11-09	12	229	5.24017467248908
2018-11-10	13	222	5.85585585585586
2018-11-11	16	240	6.66666666666667
2018-11-12	18	299	6.02006688963211
2018-11-13	16	236	6.77966101694915
2018-11-14	15	236	6.35593220338983
2018-11-15	9	191	4.71204188481675
2018-11-16	15	230	6.52173913043478
2018-11-17	11	233	4.72103004291846
2018-11-18	14	252	5.55555555555556
2018-11-19	28	332	8.43373493975904
2018-11-20	16	289	5.5363321799308
2018-11-21	12	246	4.8780487804878
2018-11-22	8	187	4.27807486631016
2018-11-23	13	285	4.56140350877193
2018-11-24	15	282	5.31914893617021
2018-11-25	23	278	8.27338129496403
2018-11-26	19	300	6.33333333333333
2018-11-27	20	256	7.8125
2018-11-28	10	282	3.54609929078014
2018-11-29	18	247	7.28744939271255
2018-11-30	13	249	5.22088353413655
2018-12-01	16	269	5.94795539033457
2018-12-02	24	309	7.76699029126214
2018-12-03	23	360	6.38888888888889
2018-12-04	17	279	6.09318996415771
2018-12-05	11	279	3.9426523297491
2018-12-06	17	269	6.31970260223048
2018-12-07	24	300	8
2018-12-08	14	270	5.18518518518519
2018-12-09	22	313	7.02875399361022
2018-12-10	21	389	5.39845758354756
2018-12-11	10	345	2.89855072463768
2018-12-12	21	329	6.38297872340426
2018-12-13	18	318	5.66037735849057
2018-12-14	23	328	7.01219512195122
2018-12-15	17	349	4.87106017191977
2018-12-16	25	350	7.14285714285714
2018-12-17	30	422	7.10900473933649
2018-12-18	21	431	4.87238979118329
2018-12-19	24	424	5.66037735849057
2018-12-20	18	368	4.89130434782609
2018-12-21	19	333	5.70570570570571
2018-12-22	18	373	4.82573726541555
2018-12-23	20	487	4.10677618069815
2018-12-24	20	408	4.90196078431373
2018-12-25	20	425	4.70588235294118
2018-12-26	28	553	5.06329113924051
2018-12-27	29	509	5.69744597249509
2018-12-28	34	463	7.34341252699784
2018-12-29	24	446	5.38116591928251
2018-12-30	31	468	6.62393162393162
2018-12-31	25	409	6.11246943765281
2019-01-01	19	474	4.0084388185654
2019-01-02	32	496	6.45161290322581
2019-01-03	21	455	4.61538461538462
2019-01-04	33	419	7.87589498806683
2019-01-05	25	358	6.98324022346369
2019-01-06	24	386	6.21761658031088
2019-01-07	28	428	6.54205607476635
2019-01-08	24	389	6.16966580976864
2019-01-09	24	362	6.62983425414365
2019-01-10	20	367	5.44959128065395
2019-01-11	20	303	6.6006600660066
2019-01-12	16	263	6.08365019011407
2019-01-13	23	365	6.3013698630137
2019-01-14	29	476	6.09243697478992
2019-01-15	17	453	3.75275938189845
2019-01-16	31	404	7.67326732673267
2019-01-17	22	417	5.2757793764988
2019-01-18	21	373	5.63002680965147
2019-01-19	24	394	6.09137055837564
2019-01-20	29	449	6.45879732739421
2019-01-21	28	387	7.23514211886305
2019-01-22	17	449	3.78619153674833
2019-01-23	16	439	3.64464692482916
2019-01-24	24	382	6.282722513089
2019-01-25	17	357	4.76190476190476
2019-01-26	25	331	7.55287009063444
2019-01-27	27	460	5.8695652173913
2019-01-28	26	470	5.53191489361702
2019-01-29	19	458	4.14847161572052
2019-01-30	24	371	6.46900269541779
2019-01-31	19	299	6.35451505016722
2019-02-01	18	373	4.82573726541555
2019-02-02	29	376	7.71276595744681
2019-02-03	25	467	5.35331905781585
2019-02-04	39	520	7.5
2019-02-05	30	417	7.19424460431655
2019-02-06	31	468	6.62393162393162
2019-02-07	17	403	4.21836228287841
2019-02-08	23	425	5.41176470588235
2019-02-09	19	346	5.49132947976879
2019-02-10	17	400	4.25
2019-02-11	22	496	4.43548387096774
2019-02-12	29	386	7.51295336787565
2019-02-13	18	446	4.03587443946188
2019-02-14	21	395	5.31645569620253
2019-02-15	25	375	6.66666666666667
2019-02-16	26	390	6.66666666666667
2019-02-17	21	418	5.02392344497608
2019-02-18	25	548	4.56204379562044
2019-02-19	15	421	3.56294536817102
2019-02-20	21	368	5.70652173913043
2019-02-21	20	344	5.81395348837209
2019-02-22	20	337	5.93471810089021
2019-02-23	28	346	8.09248554913295
2019-02-24	21	325	6.46153846153846
2019-02-25	29	332	8.73493975903614
2019-02-26	28	326	8.58895705521472
2019-02-27	26	286	9.09090909090909
2019-02-28	21	259	8.10810810810811
2019-03-01	13	221	5.88235294117647
2019-03-02	21	237	8.86075949367089
2019-03-03	18	324	5.55555555555556
2019-03-04	15	295	5.08474576271187
2019-03-05	20	319	6.26959247648903
2019-03-06	16	272	5.88235294117647
2019-03-07	19	277	6.85920577617329
2019-03-08	14	267	5.2434456928839
2019-03-09	15	266	5.6390977443609
2019-03-10	15	259	5.79150579150579
2019-03-11	15	315	4.76190476190476
2019-03-12	11	311	3.53697749196141
2019-03-13	16	288	5.55555555555556
2019-03-14	20	294	6.80272108843537
2019-03-15	15	291	5.15463917525773
2019-03-16	18	300	6
2019-03-17	17	272	6.25
2019-03-18	19	296	6.41891891891892
2019-03-19	14	297	4.71380471380471
2019-03-20	14	301	4.65116279069767
2019-03-21	12	255	4.70588235294118
2019-03-22	16	259	6.17760617760618
2019-03-23	9	245	3.6734693877551
2019-03-24	13	286	4.54545454545455
2019-03-25	21	313	6.70926517571885
2019-03-26	18	263	6.84410646387833
2019-03-27	11	246	4.47154471544715
2019-03-28	11	232	4.74137931034483
2019-03-29	12	257	4.66926070038911
2019-03-30	16	237	6.75105485232067
2019-03-31	15	269	5.57620817843866
2019-04-01	11	321	3.42679127725857
2019-04-02	14	306	4.57516339869281
2019-04-03	16	242	6.61157024793388
2019-04-04	13	253	5.13833992094862
2019-04-05	18	233	7.72532188841202
2019-04-06	15	247	6.07287449392713
2019-04-07	22	313	7.02875399361022
2019-04-08	23	335	6.86567164179105
2019-04-09	18	291	6.18556701030928
2019-04-10	15	275	5.45454545454545
2019-04-11	19	266	7.14285714285714
2019-04-12	11	243	4.52674897119342
2019-04-13	12	207	5.79710144927536
2019-04-14	9	273	3.2967032967033
2019-04-15	14	263	5.32319391634981
2019-04-16	10	254	3.93700787401575
2019-04-17	13	209	6.2200956937799
2019-04-18	16	235	6.80851063829787
2019-04-19	13	229	5.67685589519651
2019-04-20	13	237	5.48523206751055
2019-04-21	10	222	4.5045045045045
2019-04-22	13	209	6.2200956937799
2019-04-23	11	183	6.01092896174863
2019-04-24	17	224	7.58928571428571
2019-04-25	9	190	4.73684210526316
2019-04-26	12	179	6.70391061452514
2019-04-27	19	182	10.4395604395604
2019-04-28	14	233	6.00858369098712
2019-04-29	8	222	3.6036036036036
2019-04-30	9	220	4.09090909090909
2019-05-01	5	184	2.71739130434783
2019-05-02	4	168	2.38095238095238
2019-05-03	15	203	7.38916256157635
2019-05-04	8	164	4.8780487804878
2019-05-05	6	141	4.25531914893617
2019-05-06	20	189	10.5820105820106
2019-05-07	9	232	3.87931034482759
2019-05-08	6	200	3
2019-05-09	11	188	5.85106382978723
2019-05-10	23	181	12.707182320442
2019-05-11	14	168	8.33333333333333
2019-05-12	12	177	6.77966101694915
2019-05-13	9	196	4.59183673469388
2019-05-14	16	196	8.16326530612245
2019-05-15	9	196	4.59183673469388
2019-05-16	8	205	3.90243902439024
2019-05-17	11	174	6.32183908045977
2019-05-18	8	184	4.34782608695652
2019-05-19	16	218	7.3394495412844
2019-05-20	9	226	3.98230088495575
2019-05-21	13	200	6.5
2019-05-22	11	216	5.09259259259259
2019-05-23	8	197	4.06091370558376
2019-05-24	13	184	7.06521739130435
2019-05-25	7	192	3.64583333333333
2019-05-26	12	207	5.79710144927536
2019-05-27	9	214	4.20560747663551
2019-05-28	13	246	5.28455284552846
2019-05-29	13	200	6.5
2019-05-30	5	200	2.5
2019-05-31	11	147	7.48299319727891
2019-06-01	11	185	5.94594594594595
2019-06-02	9	192	4.6875
2019-06-03	17	211	8.05687203791469
2019-06-04	11	168	6.54761904761905
2019-06-05	10	212	4.71698113207547
2019-06-06	4	158	2.53164556962025
2019-06-07	11	163	6.74846625766871
2019-06-08	11	179	6.14525139664804
2019-06-09	10	189	5.29100529100529
2019-06-10	12	194	6.18556701030928
2019-06-11	7	166	4.21686746987952
2019-06-12	10	178	5.61797752808989
2019-06-13	7	179	3.91061452513966
2019-06-14	13	180	7.22222222222222
2019-06-15	14	159	8.80503144654088
2019-06-16	8	186	4.3010752688172
2019-06-17	16	218	7.3394495412844
2019-06-18	10	133	7.5187969924812
2019-06-19	9	165	5.45454545454545
2019-06-20	6	157	3.82165605095541
2019-06-21	6	137	4.37956204379562
2019-06-22	9	177	5.08474576271187
2019-06-23	9	181	4.97237569060773
2019-06-24	5	206	2.42718446601942
2019-06-25	7	162	4.32098765432099
2019-06-26	6	157	3.82165605095541
2019-06-27	4	150	2.66666666666667
2019-06-28	11	145	7.58620689655172
2019-06-29	11	155	7.09677419354839
2019-06-30	4	150	2.66666666666667
2019-07-01	8	145	5.51724137931035
2019-07-02	6	140	4.28571428571429
2019-07-03	4	147	2.72108843537415
2019-07-04	6	122	4.91803278688525
2019-07-05	8	158	5.06329113924051
2019-07-06	3	131	2.29007633587786
2019-07-07	5	124	4.03225806451613
2019-07-08	14	157	8.9171974522293
2019-07-09	5	123	4.0650406504065
2019-07-10	5	144	3.47222222222222
2019-07-11	7	124	5.64516129032258
2019-07-12	4	101	3.96039603960396
2019-07-13	3	110	2.72727272727273
2019-07-14	7	138	5.07246376811594
2019-07-15	10	149	6.71140939597315
2019-07-16	5	126	3.96825396825397
2019-07-17	5	115	4.34782608695652
2019-07-18	4	112	3.57142857142857
2019-07-19	1	104	0.961538461538462
2019-07-20	8	127	6.2992125984252
2019-07-21	4	115	3.47826086956522
2019-07-22	9	138	6.52173913043478
2019-07-23	2	118	1.69491525423729
2019-07-24	8	114	7.01754385964912
2019-07-25	8	106	7.54716981132075
2019-07-26	5	93	5.37634408602151
2019-07-27	3	115	2.60869565217391
2019-07-28	3	128	2.34375
2019-07-29	5	151	3.3112582781457
2019-07-30	3	145	2.06896551724138
2019-07-31	8	114	7.01754385964912
2019-08-01	3	123	2.4390243902439
2019-08-02	5	116	4.31034482758621
2019-08-03	8	129	6.2015503875969
2019-08-04	5	134	3.73134328358209
2019-08-05	9	141	6.38297872340426
2019-08-06	2	119	1.68067226890756
2019-08-07	4	103	3.88349514563107
2019-08-08	5	127	3.93700787401575
2019-08-09	5	118	4.23728813559322
2019-08-10	1	137	0.72992700729927
2019-08-11	4	114	3.50877192982456
2019-08-12	5	131	3.81679389312977
2019-08-13	5	113	4.42477876106195
2019-08-14	5	107	4.67289719626168
2019-08-15	5	106	4.71698113207547
2019-08-16	5	118	4.23728813559322
2019-08-17	3	106	2.83018867924528
2019-08-18	6	112	5.35714285714286
2019-08-19	7	102	6.86274509803922
2019-08-20	6	116	5.17241379310345
2019-08-21	4	121	3.30578512396694
2019-08-22	11	105	10.4761904761905
2019-08-23	1	85	1.17647058823529
2019-08-24	6	115	5.21739130434783
2019-08-25	4	116	3.44827586206897
2019-08-26	3	115	2.60869565217391
2019-08-27	6	104	5.76923076923077
2019-08-28	4	93	4.3010752688172
2019-08-29	9	133	6.76691729323308
2019-08-30	5	114	4.3859649122807
2019-08-31	5	116	4.31034482758621
2019-09-01	5	106	4.71698113207547
2019-09-02	10	110	9.09090909090909
2019-09-03	6	107	5.60747663551402
2019-09-04	4	114	3.50877192982456
2019-09-05	7	111	6.30630630630631
2019-09-06	4	111	3.6036036036036
2019-09-07	5	100	5
2019-09-08	7	121	5.78512396694215
2019-09-09	9	160	5.625
2019-09-10	8	137	5.83941605839416
2019-09-11	3	141	2.12765957446809
2019-09-12	6	133	4.51127819548872
2019-09-13	9	133	6.76691729323308
2019-09-14	4	126	3.17460317460317
2019-09-15	7	181	3.86740331491713
2019-09-16	7	204	3.43137254901961
2019-09-17	10	224	4.46428571428571
2019-09-18	6	195	3.07692307692308
2019-09-19	8	208	3.84615384615385
2019-09-20	10	192	5.20833333333333
2019-09-21	9	192	4.6875
2019-09-22	12	193	6.21761658031088
2019-09-23	15	229	6.55021834061135
2019-09-24	15	191	7.85340314136126
2019-09-25	7	208	3.36538461538462
2019-09-26	10	200	5
2019-09-27	9	150	6
2019-09-28	8	159	5.0314465408805
2019-09-29	14	183	7.65027322404372
2019-09-30	11	195	5.64102564102564
2019-10-01	10	191	5.23560209424084
2019-10-02	7	155	4.51612903225806
2019-10-03	12	144	8.33333333333333
2019-10-04	3	117	2.56410256410256
2019-10-05	8	138	5.79710144927536
2019-10-06	7	159	4.40251572327044
2019-10-07	7	172	4.06976744186047
2019-10-08	6	164	3.65853658536585
2019-10-09	7	144	4.86111111111111
2019-10-10	8	158	5.06329113924051
2019-10-11	8	134	5.97014925373134
2019-10-12	11	140	7.85714285714286
2019-10-13	14	164	8.53658536585366
2019-10-14	7	190	3.68421052631579
2019-10-15	10	180	5.55555555555556
2019-10-16	7	153	4.57516339869281
2019-10-17	4	147	2.72108843537415
2019-10-18	3	148	2.02702702702703
2019-10-19	4	157	2.54777070063694
2019-10-20	13	159	8.17610062893082
2019-10-21	7	222	3.15315315315315
2019-10-22	12	185	6.48648648648649
2019-10-23	9	181	4.97237569060773
2019-10-24	10	171	5.84795321637427
2019-10-25	8	166	4.81927710843374
2019-10-26	11	163	6.74846625766871
2019-10-27	10	170	5.88235294117647
2019-10-28	16	228	7.01754385964912
2019-10-29	8	240	3.33333333333333
2019-10-30	3	179	1.67597765363128
2019-10-31	11	164	6.70731707317073
2019-11-01	15	177	8.47457627118644
2019-11-02	12	194	6.18556701030928
2019-11-03	8	198	4.04040404040404
2019-11-04	8	232	3.44827586206897
2019-11-05	7	251	2.78884462151394
2019-11-06	18	271	6.64206642066421
2019-11-07	16	235	6.80851063829787
2019-11-08	14	218	6.42201834862385
2019-11-09	6	210	2.85714285714286
2019-11-10	4	248	1.61290322580645
2019-11-11	16	279	5.73476702508961
2019-11-12	11	265	4.15094339622642
2019-11-13	8	233	3.43347639484979
2019-11-14	14	254	5.51181102362205
2019-11-15	7	248	2.82258064516129
2019-11-16	12	232	5.17241379310345
2019-11-17	18	222	8.10810810810811
2019-11-18	23	299	7.69230769230769
2019-11-19	32	322	9.93788819875776
2019-11-20	16	302	5.29801324503311
2019-11-21	20	309	6.47249190938511
2019-11-22	28	246	11.3821138211382
2019-11-23	21	258	8.13953488372093
2019-11-24	17	316	5.37974683544304
2019-11-25	32	396	8.08080808080808
2019-11-26	30	381	7.8740157480315
2019-11-27	19	306	6.20915032679739
2019-11-28	18	250	7.2
2019-11-29	14	343	4.08163265306122
2019-11-30	24	332	7.2289156626506
2019-12-01	20	348	5.74712643678161
2019-12-02	33	414	7.97101449275362
2019-12-03	25	415	6.02409638554217
2019-12-04	22	420	5.23809523809524
2019-12-05	26	341	7.62463343108504
2019-12-06	23	343	6.70553935860058
2019-12-07	24	354	6.77966101694915
2019-12-08	25	448	5.58035714285714
2019-12-09	35	531	6.59133709981168
2019-12-10	36	518	6.94980694980695
2019-12-11	36	475	7.57894736842105
2019-12-12	27	454	5.94713656387665
2019-12-13	30	413	7.26392251815981
2019-12-14	27	450	6
2019-12-15	30	526	5.70342205323194
2019-12-16	55	688	7.99418604651163
2019-12-17	33	561	5.88235294117647
2019-12-18	33	540	6.11111111111111
2019-12-19	41	522	7.8544061302682
2019-12-20	32	549	5.8287795992714
2019-12-21	38	621	6.11916264090177
2019-12-22	37	720	5.13888888888889
2019-12-23	49	789	6.21039290240811
2019-12-24	29	632	4.58860759493671
2019-12-25	38	831	4.57280385078219
2019-12-26	59	942	6.26326963906582
2019-12-27	55	997	5.51654964894684
2019-12-28	63	890	7.07865168539326
2019-12-29	54	928	5.81896551724138
2019-12-30	66	964	6.84647302904564
2019-12-31	46	698	6.59025787965616
2020-01-01	61	859	7.10128055878929
2020-01-02	64	911	7.02524698133919
2020-01-03	58	865	6.70520231213873
2020-01-04	59	850	6.94117647058824
2020-01-05	59	818	7.21271393643032
2020-01-06	51	903	5.64784053156146
2020-01-07	59	772	7.64248704663212
2020-01-08	53	752	7.04787234042553
2020-01-09	42	726	5.78512396694215
2020-01-10	51	771	6.6147859922179
2020-01-11	62	790	7.84810126582278
2020-01-12	54	908	5.94713656387665
2020-01-13	57	1017	5.6047197640118
2020-01-14	54	913	5.91456736035049
2020-01-15	55	894	6.15212527964206
2020-01-16	46	833	5.52220888355342
2020-01-17	60	688	8.72093023255814
2020-01-18	30	667	4.49775112443778
2020-01-19	49	887	5.52423900789177
2020-01-20	55	974	5.64681724845996
2020-01-21	46	1013	4.54096742349457
2020-01-22	59	1065	5.53990610328638
2020-01-23	68	929	7.31969860064586
2020-01-24	70	881	7.94551645856981
2020-01-25	57	899	6.34037819799778
2020-01-26	62	979	6.33299284984678
2020-01-27	73	1136	6.42605633802817
2020-01-28	51	1069	4.77081384471469
2020-01-29	60	991	6.05449041372351
2020-01-30	74	989	7.48230535894843
2020-01-31	48	860	5.58139534883721
2020-02-01	56	813	6.88806888068881
2020-02-02	39	934	4.17558886509636
2020-02-03	82	1070	7.66355140186916
2020-02-04	72	1027	7.01071080817916
2020-02-05	45	886	5.07900677200903
2020-02-06	31	723	4.28769017980636
2020-02-07	43	657	6.54490106544901
2020-02-08	40	693	5.77200577200577
2020-02-09	37	753	4.9136786188579
2020-02-10	45	776	5.79896907216495
2020-02-11	42	804	5.22388059701492
2020-02-12	36	603	5.97014925373134
2020-02-13	42	600	7
2020-02-14	33	443	7.44920993227991
2020-02-15	25	479	5.21920668058455
2020-02-16	32	524	6.10687022900763
2020-02-17	34	605	5.6198347107438
2020-02-18	30	544	5.51470588235294
2020-02-19	38	468	8.11965811965812
2020-02-20	33	445	7.41573033707865
2020-02-21	29	447	6.48769574944072
2020-02-22	30	376	7.97872340425532
2020-02-23	27	369	7.31707317073171
2020-02-24	24	429	5.59440559440559
2020-02-25	37	441	8.39002267573696
2020-02-26	28	430	6.51162790697674
2020-02-27	32	409	7.8239608801956
2020-02-28	27	359	7.52089136490251
2020-02-29	32	379	8.44327176781003
2020-03-01	35	399	8.7719298245614
2020-03-02	42	608	6.90789473684211
2020-03-03	29	519	5.58766859344894
2020-03-04	33	541	6.09981515711645
2020-03-05	33	609	5.41871921182266
2020-03-06	32	527	6.07210626185958
2020-03-07	30	468	6.41025641025641
2020-03-08	36	512	7.03125
2020-03-09	41	739	5.54803788903924
2020-03-10	51	814	6.26535626535627
2020-03-11	63	931	6.76691729323308
2020-03-12	74	1129	6.55447298494243
2020-03-13	86	1089	7.89715335169881
2020-03-14	89	805	11.055900621118
2020-03-15	112	1012	11.0671936758893
2020-03-16	130	1307	9.94644223412395
2020-03-17	132	1227	10.7579462102689
2020-03-18	148	1401	10.5638829407566
2020-03-19	176	1418	12.4118476727786
2020-03-20	231	1538	15.0195058517555
2020-03-21	210	1181	17.7815410668925
2020-03-22	234	1195	19.581589958159
2020-03-23	235	1313	17.8979436405179
2020-03-24	293	1571	18.6505410566518
2020-03-25	320	1612	19.8511166253102
2020-03-26	325	1340	24.2537313432836
2020-03-27	339	1273	26.6300078554595
2020-03-28	243	936	25.9615384615385
2020-03-29	297	1078	27.5510204081633
2020-03-30	351	1140	30.7894736842105
2020-03-31	290	931	31.1493018259936
2020-04-01	269	747	36.0107095046854
